0 3
0.0505051 3.31886
0.10101 3.67162
0.151515 4.06187
0.20202 4.49359
0.252525 4.97121
0.30303 5.49959
0.353535 6.08413
0.40404 6.73079
0.454545 7.4462
0.505051 8.23764
0.555556 9.1132
0.606061 10.0818
0.656566 11.1534
0.707071 12.3389
0.757576 13.6503
0.808081 15.1012
0.858586 16.7063
0.909091 18.4819
0.959596 20.4463
1.0101 22.6195
1.06061 25.0237
1.11111 27.6834
1.16162 30.6259
1.21212 33.881
1.26263 37.4821
1.31313 41.466
1.36364 45.8734
1.41414 50.7492
1.46465 56.1432
1.51515 62.1105
1.56566 68.7121
1.61616 76.0154
1.66667 84.0949
1.71717 93.0331
1.76768 102.921
1.81818 113.861
1.86869 125.963
1.91919 139.351
1.9697 154.162
2.0202 170.548
2.07071 188.675
2.12121 208.729
2.17172 230.914
2.22222 255.458
2.27273 282.61
2.32323 312.648
2.37374 345.878
2.42424 382.641
2.47475 423.311
2.52525 468.304
2.57576 518.079
2.62626 573.144
2.67677 634.063
2.72727 701.456
2.77778 776.012
2.82828 858.493
2.87879 949.74
2.92929 1050.69
2.9798 1162.36
3.0303 1285.91
3.08081 1422.58
3.13131 1573.78
3.18182 1741.06
3.23232 1926.11
3.28283 2130.83
3.33333 2357.32
3.38384 2607.87
3.43434 2885.05
3.48485 3191.7
3.53535 3530.94
3.58586 3906.24
3.63636 4321.42
3.68687 4780.74
3.73737 5288.87
3.78788 5851.01
3.83838 6472.9
3.88889 7160.89
3.93939 7922.01
3.9899 8764.02
4.0404 9695.53
4.09091 10726
4.14141 11866.1
4.19192 13127.3
4.24242 14522.6
4.29293 16066.2
4.34343 17773.8
4.39394 19662.9
4.44444 21752.9
4.49495 24064.9
4.54545 26622.7
4.59596 29452.4
4.64646 32582.9
4.69697 36046
4.74747 39877.3
4.79798 44115.7
4.84848 48804.7
4.89899 53992
4.94949 59730.7
5 66079.4
